Vertex Count: 384

Data:

1.97124 1.35265 8.05499 0.28021 0.983045 1e-006 -0 1
1.97121 8.91781 8.05498 0.28021 0.883322 1e-006 -0 1
-2.02384 8.91544 8.05499 0.335384 0.88347 1e-006 -0 1
1.82158 8.75309 -29.1282 0.114753 0.068982 0 -0.607091 -0.794632
1.82158 8.90738 -29.1724 0.120697 0.068982 0 -0.275643 -0.96126
2.04173 8.90738 -29.1724 0.120697 0.077463 0 -0.275643 -0.96126
1.82158 8.90738 -29.1724 0.122494 0.068982 0 0.961262 -0.275638
1.82158 9.39836 -27.4602 0.188456 0.068982 0 0.961262 -0.275638
2.04173 9.39836 -27.4602 0.188456 0.077463 0 0.961262 -0.275638
2.04173 8.61339 -28.8979 0.240457 0.022223 0 -0.993085 -0.117394
2.04173 8.44093 -27.439 0.240457 0.078423 0 -0.993085 -0.117394
1.82158 8.44093 -27.439 0.231976 0.078423 0 -0.993085 -0.117394
1.82158 9.39836 -27.4602 0.309517 0.162926 -1 0 -0
1.82158 8.90738 -29.1724 0.321144 0.095297 -1 0 -0
1.82158 8.75309 -29.1282 0.327238 0.096345 -1 0 -0
6.86406 9.24407 -27.4159 0.189979 0.271536 0 -0.961262 0.275637
2.04173 9.24407 -27.4159 0.189979 0.085763 0 -0.961262 0.275637
2.04173 8.75309 -29.1282 0.255941 0.085763 0 -0.961262 0.275637
7.07951 8.44093 -27.439 0.224939 0.078184 0 -0.993086 -0.117394
6.86406 8.44093 -27.439 0.216639 0.078184 0 -0.993086 -0.117394
6.86406 8.61338 -28.8979 0.216639 0.021984 0 -0.993086 -0.117394
7.07951 9.24407 -27.4159 0.07684 0.271536 0 -0.00112 0.999999
7.07951 9.39836 -27.4602 0.070896 0.271536 0 -0.00112 0.999999
6.86406 9.24407 -27.4159 0.07684 0.263236 0 -0.00112 0.999999
2.04173 8.61339 -28.8979 0.305737 0.076483 1 -0 -0
2.04173 8.75309 -29.1282 0.2985 0.083919 1 -0 -0
2.04173 9.24407 -27.4159 0.294892 0.015393 1 -0 -0
1.82158 8.61339 -28.8979 0.109372 0.068982 0 -0.85499 -0.518645
1.82158 8.75309 -29.1282 0.114753 0.068982 0 -0.607091 -0.794632
2.04173 8.75309 -29.1282 0.114753 0.077463 0 -0.607091 -0.794632
6.86406 8.44093 -27.439 0.254649 0.022143 -1 1e-006 0
6.86406 9.24407 -27.4159 0.284888 0.015537 -1 1e-006 0
6.86406 8.75309 -29.1282 0.27852 0.083861 -1 1e-006 0
7.07951 8.44093 -27.439 0.266894 0.16366 1 -1e-006 -0
7.07951 8.61338 -28.8979 0.273537 0.107459 1 -1e-006 -0
7.07951 8.75309 -29.1282 0.278919 0.098588 1 -1e-006 -0
6.86406 8.61338 -28.8979 0.109372 0.263236 0 -0.854983 -0.518655
6.86406 8.75309 -29.1282 0.114753 0.263236 0 -0.607086 -0.794636
7.07951 8.75309 -29.1282 0.114753 0.271536 0 -0.607086 -0.794636
2.04173 9.39836 -27.4602 0.070896 0.077463 0 0.275643 0.96126
1.82158 9.39836 -27.4602 0.070896 0.068982 0 0.275643 0.96126
2.04173 9.24407 -27.4159 0.07684 0.077463 0 0.275643 0.96126
1.82158 8.44093 -27.439 0.107779 0.068982 0 -0.001116 0.999999
2.04173 8.44093 -27.439 0.107779 0.077463 0 -0.001116 0.999999
2.04173 9.24407 -27.4159 0.07684 0.077463 0 -0.001116 0.999999
2.20965 0.083778 -27.2348 0.339876 0.98289 -1e-006 0 -1
2.2294 8.95092 -27.2348 0.340113 0.883051 -1e-006 0 -1
6.7575 8.95099 -27.2348 0.394524 0.883051 -1e-006 0 -1
-1.83764 0.718216 19.5032 0.860075 0.149142 0 0 1
-1.83359 1.35265 19.5032 0.856066 0.149168 0 0 1
-9.56216 1.35265 19.5032 0.856066 0.100332 0 0 1
1.97124 1.35265 8.25819 0.85065 0.223042 -0 1 0
-1.99208 1.35265 8.25819 0.85065 0.197998 -0 1 0
-9.56216 1.35265 8.25819 0.85065 0.150163 -0 1 0
9.58438 0.083778 19.5032 0.875161 0.149168 1 0 -0
9.58438 0.083778 8.25819 0.875161 0.078112 1 0 -0
9.58438 1.35265 8.25819 0.883179 0.078112 1 0 -0
9.58438 0.083779 -27.4689 0.848662 0.045391 0 -1 -0
9.58438 0.083778 8.25819 0.848662 0.271149 0 -1 -0
-9.56216 0.083778 8.25819 0.727676 0.271149 0 -1 -0
-9.56216 1.35265 19.5032 0.892726 0.078112 -1 0 -0
-9.56216 1.35265 8.25819 0.892726 0.149168 -0.707107 0 -0.707107
-9.56216 0.083778 8.25819 0.884708 0.149168 -0.707107 0 -0.707107
-1.8417 0.083778 19.5032 0.904924 0.076967 0 -1 0
-9.56216 0.083778 19.5032 0.904924 0.028182 0 -1 0
-9.56216 0.083778 8.25819 0.975981 0.028182 0 -1 0
9.58438 1.35265 8.25819 0.936893 0.271149 0 0 -1
9.58438 0.083778 8.25819 0.928875 0.271149 0 0 -1
-9.56216 0.083778 8.25819 0.928875 0.150163 -0.707107 0 -0.707107
9.58438 0.083778 19.5032 0.873632 0.149168 0 0 1
9.58438 1.35265 19.5032 0.865614 0.149168 0 0 1
1.80681 1.35265 19.5032 0.865614 0.100022 0 0 1
1.80773 0.083778 21.1915 0.854537 0.149168 0 0 1
1.80727 0.718216 21.1915 0.850528 0.149165 0 0 1
-1.83764 0.718216 21.1915 0.850528 0.126133 0 0 1
1.80727 0.718216 20.3495 0.829923 0.044396 0 0 1
1.80681 1.35265 20.3495 0.825914 0.044393 0 0 1
-1.83359 1.35265 20.3495 0.825914 0.02139 0 0 1
1.80727 0.718216 21.1915 0.848998 0.044396 0 1 -0
1.80727 0.718216 19.5032 0.83833 0.044396 0 1 -0
-1.83764 0.718216 19.5032 0.83833 0.021364 0 1 -0
1.80773 0.083778 21.1915 0.820375 0.044396 1 0.000723 -0
1.80773 0.083778 19.5032 0.820375 0.033728 1 0.000723 -0
1.80727 0.718216 19.5032 0.824384 0.033728 1 0.000723 -0
-1.8417 0.083778 21.1915 0.894256 0.076967 0 -1 -0
-1.8417 0.083778 19.5032 0.904924 0.076967 0 -1 0
1.80773 0.083778 19.5032 0.904924 0.100028 0 -1 0
-1.83764 0.718216 21.1915 0.818846 0.033728 -0.99998 0.006393 -0
-1.83764 0.718216 19.5032 0.818846 0.044396 -0.99998 0.006393 -0
-1.8417 0.083778 19.5032 0.814837 0.044396 -0.99998 0.006393 -0
1.80681 1.35265 20.3495 0.927054 0.222003 0 1 -0
1.80681 1.35265 19.5032 0.921706 0.222003 -0 1 0
-1.83359 1.35265 19.5032 0.921706 0.199 -0 1 0
1.80727 0.718216 20.3495 0.809298 0.044396 1 0.000723 -0
1.80727 0.718216 19.5032 0.809298 0.039048 1 0.000723 -0
1.80681 1.35265 19.5032 0.813307 0.039048 1 0.000723 -0
-1.83764 0.718216 20.3495 0.831452 0.021364 0 -1 -0
-1.83764 0.718216 19.5032 0.8368 0.021364 0 -1 -0
1.80727 0.718216 19.5032 0.8368 0.044396 0 -1 -0
-1.83359 1.35265 20.3495 0.807769 0.039048 -0.99998 0.006394 -0
-1.83359 1.35265 19.5032 0.807769 0.044396 -0.99998 0.006394 -0
-1.83764 0.718216 19.5032 0.80376 0.044396 -0.99998 0.006394 -0
-12.0567 10.6756 9.866 0.056184 0.566557 -0.663122 0.748511 3.1e-005
-0.28755 21.099 9.866 0.05599 0.390723 -0.663122 0.748511 3.1e-005
0.011112 21.3668 9.866 0.055985 0.386209 -0.663122 0.748511 3.1e-005
-11.6963 10.4373 -29.0767 0.239908 0.56987 -0.552697 -0.833382 -1.7e-005
-11.6971 10.4363 9.866 0.056178 0.570012 -0.552697 -0.833382 -1.7e-005
-12.0567 10.6756 9.866 0.056184 0.566557 -0.552697 -0.833382 -1.7e-005
0.011112 21.3668 -29.0767 0.279116 0.386607 0.657205 0.753712 -7e-005
0.011112 21.3668 9.866 0.462844 0.386469 0.657205 0.753712 -7e-005
12.2229 10.7186 9.866 0.462643 0.56466 0.657205 0.753712 -7e-005
11.8559 10.4273 9.866 0.432281 0.983479 -1e-006 0 1
12.2229 10.7186 9.866 0.430423 0.980224 -1e-006 0 1
0.011112 21.3668 9.866 0.492235 0.860583 -1e-006 0 1
-11.6963 10.4373 -29.0767 0.587501 0.984221 0 0 -1
-12.0567 10.6756 -29.0767 0.585676 0.981551 0 0 -1
0.011112 21.3668 -29.0767 0.646759 0.861325 0 0 -1
11.8554 10.4268 -29.0767 0.706711 0.983962 0 0 -1
-0.004865 20.8256 -29.0767 0.646678 0.867402 0 0 -1
0.304019 21.1041 -29.0767 0.648242 0.864269 0 0 -1
-11.6971 10.4363 9.866 0.551498 0.982769 0 0 1
-0.005755 20.8444 9.866 0.492321 0.866436 0 0 1
-0.28755 21.099 9.866 0.493747 0.863577 0 0 1
12.2229 10.7186 9.866 0.462643 0.56466 0.621665 -0.783284 1e-006
11.8559 10.4273 9.866 0.462649 0.57025 0.621665 -0.783284 1e-006
11.8554 10.4268 -29.0767 0.278921 0.570398 0.621665 -0.783284 1e-006
-0.005755 20.8444 9.866 0.579512 0.578165 -0.659568 -0.751645 0.000184
-0.004865 20.8256 -29.0767 0.579517 0.373469 -0.659568 -0.751645 0.000184
11.8554 10.4268 -29.0767 0.641858 0.373469 -0.659568 -0.751645 0.000184
-11.6963 10.4373 -29.0767 0.518063 0.373469 0.664574 -0.747222 0.000186
-0.004865 20.8256 -29.0767 0.579517 0.373469 0.664574 -0.747222 0.000186
-0.005755 20.8444 9.866 0.579512 0.578165 0.664574 -0.747222 0.000186
-8.1136 11.5307 14.4609 0.559289 0.056807 -0.500328 0 -0.865836
-8.1136 1.17808 14.4609 0.559289 0.270642 -0.500328 0 -0.865836
-8.31456 1.17808 14.6904 0.555138 0.270642 -0.943829 0 -0.330435
-7.72319 11.5307 14.3833 0.567352 0.056807 0.166637 0 -0.986018
-7.72319 1.17808 14.3833 0.567352 0.270642 0.166637 0 -0.986018
-8.1136 1.17808 14.4609 0.559289 0.270642 -0.500328 0 -0.865836
-7.37095 11.5307 14.5902 0.574628 0.056807 0.831469 0 -0.555572
-7.37095 1.17808 14.5902 0.574628 0.270642 0.831469 0 -0.555572
-7.72319 1.17808 14.3833 0.567352 0.270642 0.166637 0 -0.986018
-7.31456 11.5307 14.9948 0.584525 0.056807 0.979502 0 0.201434
-7.31456 1.17808 14.9948 0.584525 0.270642 0.979502 0 0.201434
-7.37095 1.17808 14.5902 0.576168 0.270642 0.831469 0 -0.555572
-7.52474 11.5307 15.3422 0.5917 0.056807 0.555569 0 0.83147
-7.52474 1.17808 15.3422 0.5917 0.270642 0.555569 0 0.83147
-7.31456 1.17808 14.9948 0.584525 0.270642 0.979502 0 0.201434
-7.92612 11.5307 15.4034 0.60084 0.270642 -0.203757 0 0.979022
-7.92612 1.17808 15.4034 0.60084 0.056807 -0.203757 0 0.979022
-7.52474 1.17808 15.3422 0.60913 0.056807 0.555569 0 0.83147
-8.29252 11.5307 15.1728 0.593271 0.270642 -0.86416 0 0.503218
-8.29252 1.17808 15.1728 0.593271 0.056807 -0.86416 0 0.503218
-7.92612 1.17808 15.4034 0.60084 0.056807 -0.203757 0 0.979022
-8.31456 11.5307 14.6904 0.620339 0.056807 -0.943829 0 -0.330435
-8.31456 1.17808 14.6904 0.620339 0.270642 -0.943829 0 -0.330435
-8.29252 1.17808 15.1728 0.610375 0.270642 -0.86416 0 0.503218
-7.92612 1.17808 15.4034 0.629672 0.270642 0 -1 0
-8.29252 1.17808 15.1728 0.622103 0.265878 0 -1 0
-8.31456 1.17808 14.6904 0.621648 0.255915 0 -1 0
-7.72319 11.5307 14.3833 0.65602 0.270642 -0 1 -0
-8.1136 11.5307 14.4609 0.647956 0.269038 -0 1 -0
-8.31456 11.5307 14.6904 0.643806 0.264298 -0 1 -0
-9.5933 11.3187 18.2419 0.928119 0.377338 0 -0.124712 0.992193
-9.5933 10.92 18.1918 0.932359 0.377338 0 -0.124712 0.992193
9.73587 10.92 18.1918 0.932359 0.58289 0 -0.124712 0.992193
-9.59653 12.7882 8.23252 0.705929 0.377304 0 0.989395 0.145253
-9.5933 11.3187 18.2419 0.812371 0.377338 0 0.989395 0.145253
9.73587 11.3187 18.2419 0.812371 0.58289 0 0.989395 0.145253
-9.59653 12.3895 8.18241 0.922247 0.377338 0 0.124712 -0.992193
-9.59653 12.7882 8.23252 0.926487 0.377338 0 0.124712 -0.992193
9.73264 12.7882 8.23252 0.926487 0.58289 0 0.124712 -0.992193
-9.5933 10.92 18.1918 0.814112 0.377338 0 -0.989395 -0.145253
-9.59653 12.3895 8.18241 0.920555 0.377304 0 -0.989395 -0.145253
9.73264 12.3895 8.18241 0.920555 0.582856 0 -0.989395 -0.145253
-9.59653 12.7882 8.23252 0.947982 0.586142 -1 -3.9e-005 0.000317
-9.59653 12.3895 8.18241 0.94371 0.586061 -1 -3.9e-005 0.000317
-9.5933 10.92 18.1918 0.9435 0.478478 -1 -3.9e-005 0.000317
9.73587 11.3187 18.2419 0.948091 0.475176 1 4.1e-005 -0.000317
9.73587 10.92 18.1918 0.943818 0.475257 1 4.1e-005 -0.000317
9.73264 12.3895 8.18241 0.944013 0.367673 1 4.1e-005 -0.000317
7.39071 11.5307 14.4609 0.42766 0.057103 -0.500329 0 -0.865835
7.39071 1.17808 14.4609 0.42766 0.270938 -0.500329 0 -0.865835
7.18974 1.17808 14.6904 0.423509 0.270938 -0.943829 0 -0.330436
7.78112 11.5308 14.3833 0.435724 0.057103 0.166637 0 -0.986018
7.78112 1.17808 14.3833 0.435724 0.270938 0.166637 0 -0.986018
7.39071 1.17808 14.4609 0.42766 0.270938 -0.500329 0 -0.865835
8.13335 11.5307 14.5902 0.443 0.057103 0.831469 0 -0.555571
8.13335 1.17808 14.5902 0.443 0.270938 0.831469 0 -0.555571
7.78112 1.17808 14.3833 0.435724 0.270938 0.166637 0 -0.986018
8.18975 11.5308 14.9948 0.452896 0.057103 0.979502 0 0.201434
8.18975 1.17808 14.9948 0.452896 0.270938 0.979502 0 0.201434
8.13335 1.17808 14.5902 0.444539 0.270938 0.831469 0 -0.555571
7.97956 11.5308 15.3422 0.460072 0.057103 0.555569 0 0.83147
7.97956 1.17808 15.3422 0.460072 0.270938 0.555569 0 0.83147
8.18975 1.17808 14.9948 0.452896 0.270938 0.979502 0 0.201434
7.57819 11.5308 15.4034 0.480484 0.270938 -0.203757 0 0.979021
7.57819 1.17808 15.4034 0.480484 0.057103 -0.203757 0 0.979021
7.97956 1.17808 15.3422 0.488774 0.057103 0.555569 0 0.83147
7.21178 11.5308 15.1728 0.472916 0.270938 -0.864159 0 0.503218
7.21178 1.17808 15.1728 0.472916 0.057103 -0.864159 0 0.503218
7.57819 1.17808 15.4034 0.480484 0.057103 -0.203757 0 0.979021
7.18974 11.5307 14.6904 0.471606 0.057103 -0.943829 0 -0.330436
7.18974 1.17808 14.6904 0.471606 0.270938 -0.943829 0 -0.330436
7.21178 1.17808 15.1728 0.461643 0.270938 -0.864159 0 0.503218
7.57819 1.17808 15.4034 0.498043 0.270938 0 -1 0
7.21178 1.17808 15.1728 0.490475 0.266174 0 -1 0
7.18974 1.17808 14.6904 0.49002 0.25621 0 -1 0
7.78112 11.5308 14.3833 0.524392 0.270938 -0 1 -2e-006
7.39071 11.5307 14.4609 0.516328 0.269334 -0 1 -2e-006
7.18974 11.5307 14.6904 0.512177 0.264593 -0 1 -2e-006
1.11922 16.8053 8.25819 0.648795 0.653569 -0 -0 1
4.74416 16.8228 8.25819 0.690919 0.653371 -0 -0 1
2.61971 18.7278 8.25819 0.666231 0.631871 -0 -0 1
-4.77553 16.7747 8.25819 0.580293 0.653914 -0 0 1
-1.46217 16.795 8.25819 0.618797 0.653685 -0 0 1
-1.4614 18.7241 8.25819 0.618806 0.631914 -0 0 1
1.14352 18.7262 8.25819 0.649077 0.631889 -0 0 1
2.61971 18.7278 8.25819 0.666231 0.631871 -0 0 1
0.011108 21.067 8.25819 0.635917 0.60547 -0 0 1
-2.02384 8.91544 8.05499 0.61227 0.742614 0.999991 0.004199 -0
-2.02384 8.91544 8.25819 0.61227 0.742614 0.999991 0.004199 -0
-1.99208 1.35266 8.25819 0.612639 0.827968 0.999991 0.004199 -0
-1.99208 1.35265 8.05499 0.612639 0.827968 0 1 -0
-1.99208 1.35265 8.25819 0.612639 0.827968 0 1 -0
1.97124 1.35265 8.25819 0.658696 0.827968 0 1 -0
1.97124 1.35265 8.05499 0.658696 0.827968 -1 -4e-006 -0
1.97124 1.35265 8.25819 0.658696 0.827968 -1 -4e-006 -0
1.97121 8.91781 8.25819 0.658695 0.742587 -1 -4e-006 -0
1.97121 8.91781 8.05499 0.658695 0.742587 0.000592 -1 -0
1.97121 8.91781 8.25819 0.658695 0.742587 0.000592 -1 -0
-2.02384 8.91544 8.25819 0.61227 0.742614 0.000592 -1 -0
-1.99208 1.35266 8.25819 0.612639 0.827968 0 0 1
-2.02384 8.91544 8.25819 0.61227 0.742614 0 0 1
-9.56216 8.91097 8.25819 0.524669 0.742664 0 0 1
9.58438 8.92232 8.25819 0.747166 0.742536 0 0 1
9.58438 12.4824 8.25819 0.747166 0.702357 0 0 1
-9.56216 12.4824 8.25819 0.524669 0.702357 0 0 1
9.58438 2.96708 8.25819 0.747166 0.809747 0 0 1
9.58438 8.92232 8.25819 0.747166 0.742536 0 0 1
1.97121 8.91781 8.25819 0.658695 0.742587 0 0 1
-9.56216 12.4824 8.25819 0.524669 0.702357 0 0 1
9.58438 12.4824 8.25819 0.747166 0.702357 0 0 1
4.74416 16.8228 8.25819 0.690919 0.653371 0 0 1
-1.51023 16.7594 8.23918 0.618797 0.653685 -0 0 1
1.16639 16.77 8.23918 0.648795 0.653569 -0 0 1
1.19159 18.7618 8.23918 0.649077 0.631889 -0 0 1
-1.46468 18.7441 -27.4689 0.850673 0.63402 1e-006 0 -1
-2.57768 18.7456 -27.4689 0.837739 0.634005 1e-006 0 -1
0.011108 21.067 -27.4689 0.867823 0.609389 1e-006 0 -1
-9.56216 8.95075 -27.4689 0.756574 0.737865 0 0 -1
-9.56216 12.4824 -27.4689 0.756574 0.700417 0 0 -1
9.58438 12.4824 -27.4689 0.979072 0.700417 0 0 -1
6.80127 0.083779 -27.4689 0.946729 0.831887 1e-006 0 -1
6.7575 8.95099 -27.4689 0.946221 0.737863 1e-006 0 -1
9.58438 8.95102 -27.4689 0.979072 0.737862 1e-006 0 -1
-9.56216 2.93023 -27.4689 0.756574 0.801704 0 -0 -1
-9.56216 8.95075 -27.4689 0.756574 0.737865 0 -0 -1
2.2294 8.95092 -27.4689 0.893601 0.737863 0 -0 -1
2.2294 8.95092 -27.2348 0.893601 0.737863 1.4e-005 -1 -0
2.2294 8.95092 -27.4689 0.893601 0.737863 1.4e-005 -1 -0
6.7575 8.95099 -27.4689 0.946221 0.737863 1.4e-005 -1 -0
2.20964 0.083779 -27.2348 0.893372 0.831887 0.999998 -0.002228 -0
2.20964 0.083779 -27.4689 0.893372 0.831887 0.999998 -0.002228 -0
2.2294 8.95092 -27.4689 0.893601 0.737863 0.999998 -0.002228 -0
6.7575 8.95099 -27.2348 0.946221 0.737863 -0.999988 -0.004935 -0
6.7575 8.95099 -27.4689 0.946221 0.737863 -0.999988 -0.004935 -0
6.80127 0.083779 -27.4689 0.946729 0.831887 -0.999988 -0.004935 -0
4.59332 16.9581 -27.4689 0.921072 0.652959 -0 -0 -1
1.12864 16.9559 -27.4689 0.880809 0.652982 -0 -0 -1
1.11387 18.7407 -27.4689 0.880638 0.634056 -0 -0 -1
9.58438 12.4824 -27.4689 0.979072 0.700417 -0 0 -1
-9.56216 12.4824 -27.4689 0.756574 0.700417 -0 0 -1
-4.57739 16.9524 -27.4689 0.814501 0.653019 -0 0 -1
-1.47953 16.9543 -27.4689 0.8505 0.652999 -0 0 -1
-4.57739 16.9524 -27.4689 0.814501 0.653019 -0 0 -1
-2.57768 18.7456 -27.4689 0.837739 0.634005 -0 0 -1
6.80127 0.630622 -28.6357 0.946729 0.826088 0 0 -1
6.80127 0.083779 -28.6357 0.946729 0.831887 0 0 -1
2.20965 0.083779 -28.6357 0.893372 0.831887 0 0 -1
6.80127 0.083779 -28.6357 0.946729 0.831887 -0 -1 0
6.80127 0.083779 -27.4689 0.946729 0.831887 -0 -1 0
2.20965 0.083779 -27.4689 0.893372 0.831887 -0 -1 0
6.80126 0.630621 -28.6357 0.946729 0.826088 1 0 -0
6.80126 0.630622 -27.4689 0.946729 0.826088 1 0 -0
6.80126 0.083779 -27.4689 0.946729 0.831887 1 0 -0
2.20965 0.630622 -28.6357 0.893372 0.826088 0 1 -0
2.20965 0.630622 -27.4689 0.893372 0.826088 0 1 -0
6.80127 0.630621 -27.4689 0.946729 0.826088 0 1 -0
2.20965 0.083779 -28.6357 0.893372 0.831887 -1 0 -0
2.20965 0.083779 -27.4689 0.893372 0.831887 -1 0 -0
2.20965 0.630622 -27.4689 0.893372 0.826088 -1 0 -0
1.15427 16.9282 -27.4279 0.880278 0.652982 0 0 -1
-1.53481 16.9266 -27.4279 0.849968 0.652999 0 0 -1
-1.51949 18.7719 -27.4279 0.850141 0.63402 0 0 -1
9.58438 2.93137 -27.4689 0.267217 0.793474 1 -0 0
9.58438 8.95102 -27.4689 0.267217 0.713078 1 -0 0
9.58438 8.94301 -17.5071 0.333012 0.713184 1 -0 0
9.58438 8.95102 -27.4689 0.267217 0.713078 1 -0 0
9.58438 12.4824 -27.4689 0.267217 0.665913 1 -0 0
9.58438 12.4824 8.25819 0.503187 0.665913 1 -0 0
9.58438 2.95325 -5.58118 0.411781 0.793182 1 1e-006 -0
9.58438 2.95729 -1.54096 0.438465 0.793128 1 1e-006 -0
9.58438 2.96708 8.25819 0.503187 0.792997 1 1e-006 -0
9.58438 2.95729 -1.54096 0.438465 0.793128 1 -0 0
9.58438 8.93016 -1.50178 0.438724 0.713356 1 -0 0
9.58438 8.92232 8.25819 0.503187 0.713461 1 -0 0
9.58438 2.94529 -13.5448 0.359183 0.793288 1 -0 0
9.58438 8.9398 -13.5059 0.35944 0.713227 1 -0 0
9.58438 8.9334 -5.54225 0.412038 0.713313 1 -0 0
9.26428 8.9334 -5.54225 0.412038 0.713313 0 -1 -0.000804
9.58438 8.9334 -5.54225 0.412038 0.713313 0 -1 -0.000804
9.58438 8.93016 -1.50178 0.438724 0.713356 0 -1 -0.000804
9.26428 2.95325 -5.58118 0.411781 0.793182 0 -0.00651 0.999979
9.58438 2.95325 -5.58118 0.411781 0.793182 0 -0.00651 0.999979
9.58438 8.9334 -5.54225 0.412038 0.713313 0 -0.00651 0.999979
9.26428 2.95729 -1.54096 0.438465 0.793128 1e-006 1 -0.001
9.58438 2.95729 -1.54096 0.438465 0.793128 1e-006 1 -0.001
9.58438 2.95325 -5.58118 0.411781 0.793182 1e-006 1 -0.001
9.26428 8.93016 -1.50178 0.438724 0.713356 -0 0.00656 -0.999979
9.58438 8.93016 -1.50178 0.438724 0.713356 -0 0.00656 -0.999979
9.58438 2.95729 -1.54096 0.438465 0.793128 -0 0.00656 -0.999979
9.26428 8.94301 -17.5071 0.333012 0.713184 0 -1 -0.000803
9.58438 8.94301 -17.5071 0.333012 0.713184 0 -1 -0.000803
9.58438 8.9398 -13.5059 0.35944 0.713227 0 -1 -0.000803
9.26428 2.94129 -17.5463 0.332754 0.793342 0 -0.006518 0.999979
9.58438 2.94129 -17.5463 0.332754 0.793342 0 -0.006518 0.999979
9.58438 8.94301 -17.5071 0.333012 0.713184 0 -0.006518 0.999979
9.26428 2.94529 -13.5448 0.359183 0.793288 0 1 -0.001
9.58438 2.94529 -13.5448 0.359183 0.793288 0 1 -0.001
9.58438 2.94129 -17.5463 0.332754 0.793342 0 1 -0.001
9.26428 8.9398 -13.5059 0.35944 0.713227 0 0.00649 -0.999979
9.58438 8.9398 -13.5059 0.35944 0.713227 0 0.00649 -0.999979
9.58438 2.94529 -13.5448 0.359183 0.793288 0 0.00649 -0.999979
9.49561 2.95325 -5.58119 0.411781 0.793182 1 -0 -0
9.49561 8.9334 -5.54225 0.412038 0.713313 1 -0 -0
9.49561 8.93016 -1.50178 0.438724 0.713356 1 -0 -0
9.49561 2.94129 -17.5463 0.332754 0.793342 1 -0 -0
9.49561 8.94301 -17.5071 0.333012 0.713184 1 -0 -0
9.49561 8.9398 -13.5059 0.35944 0.713227 1 -0 -0
-9.56216 8.91097 8.25819 0.250332 0.7124 -1 0 -0
-9.56216 12.4824 8.25819 0.250332 0.664701 -1 0 -0
-9.56216 12.4824 -27.4689 0.014362 0.664701 -1 0 -0
-9.56216 2.94473 -13.511 0.106552 0.792084 -1 0 -0
-9.56216 2.94058 -17.5087 0.080147 0.792139 -1 0 -0
-9.56216 2.93023 -27.4689 0.014362 0.792277 -1 0 -0
-9.56216 2.96736 8.25819 0.250332 0.791782 -1 -0 -0
-9.56216 8.91097 8.25819 0.250332 0.7124 -1 -0 -0
-9.56216 8.92183 -1.49439 0.185919 0.712255 -1 -0 -0
-9.56216 2.94058 -17.5087 0.080147 0.792139 -1 -0 -0
-9.56216 8.93966 -17.5089 0.080146 0.712017 -1 -0 -0
-9.56216 8.95075 -27.4689 0.014362 0.711869 -1 -0 -0
-9.56216 2.95296 -5.59243 0.158852 0.791974 -1 -0 0
-9.56216 8.92635 -5.55287 0.159113 0.712195 -1 -0 0
-9.56216 8.93521 -13.5108 0.106553 0.712077 -1 -0 0
-9.20569 8.93521 -13.5108 0.106553 0.712077 1e-006 -0.999999 -0.001114
-9.56216 8.93521 -13.5108 0.106553 0.712077 1e-006 -0.999999 -0.001114
-9.56216 8.93966 -17.5089 0.080146 0.712017 1e-006 -0.999999 -0.001114
-9.20569 2.94473 -13.511 0.106552 0.792084 0 2.7e-005 -1
-9.56216 2.94473 -13.511 0.106552 0.792084 0 2.7e-005 -1
-9.56216 8.93521 -13.5108 0.106552 0.712077 0 2.7e-005 -1
-9.20569 2.94058 -17.5087 0.080147 0.792139 0 0.999999 -0.001039
-9.56216 2.94058 -17.5087 0.080147 0.792139 0 0.999999 -0.001039
-9.56216 2.94473 -13.511 0.106552 0.792084 0 0.999999 -0.001039
-9.20569 8.93966 -17.5089 0.080146 0.712017 0 2.1e-005 1
-9.56216 8.93966 -17.5089 0.080146 0.712017 0 2.1e-005 1
-9.56216 2.94058 -17.5087 0.080147 0.792139 0 2.1e-005 1
-9.20569 8.92183 -1.49439 0.185919 0.712255 3e-006 -0.999999 -0.001113
-9.56216 8.92183 -1.49439 0.185919 0.712255 3e-006 -0.999999 -0.001113
-9.56216 8.92635 -5.55287 0.159113 0.712195 3e-006 -0.999999 -0.001113
-9.20569 2.95718 -1.5343 0.185655 0.791918 0 0.006691 -0.999978
-9.56216 2.95718 -1.5343 0.185655 0.791918 0 0.006691 -0.999978
-9.56216 8.92183 -1.49439 0.185919 0.712255 0 0.006691 -0.999978
-9.20569 2.95296 -5.59243 0.158852 0.791974 1e-006 0.999999 -0.001039
-9.56216 2.95296 -5.59243 0.158852 0.791974 1e-006 0.999999 -0.001039
-9.56216 2.95718 -1.5343 0.185655 0.791918 1e-006 0.999999 -0.001039
-9.20569 8.92635 -5.55287 0.159113 0.712195 1e-006 -0.006624 0.999978
-9.56216 8.92635 -5.55287 0.159113 0.712195 1e-006 -0.006624 0.999978
-9.56216 2.95296 -5.59243 0.158852 0.791974 1e-006 -0.006624 0.999978
-9.52548 2.94473 -13.511 0.106552 0.792084 -1 0 -0
-9.52548 8.93521 -13.5108 0.106553 0.712077 -1 0 -0
-9.52548 8.93966 -17.5089 0.080146 0.712017 -1 0 -0
-9.52548 2.95718 -1.5343 0.185655 0.791918 -1 0 -0
-9.52548 8.92183 -1.49439 0.185919 0.712255 -1 0 -0
-9.52548 8.92635 -5.55287 0.159113 0.712195 -1 0 -0
